15
1 2 5
1 3 7
1 4 8
1 5 4
1 6 34
1 7 8
1 8 23
1 9 2
1 10 23
1 11 12
1 12 3
1 13 7
1 14 5
1 15 23
2 3 10
2 4 2
2 5 4
2 6 34
2 7 8
2 8 23
2 9 2
2 10 23
2 11 12
2 12 3
2 13 7
2 14 5
2 15 23
3 4 9
3 5 4
3 6 34
3 7 8
3 8 23
3 9 2
3 10 23
3 11 12
3 12 3
3 13 7
3 14 5
3 15 23
4 5 4
4 6 34
4 7 8
4 8 23
4 9 2
4 10 23
4 11 12
4 12 3
4 13 7
4 14 5
4 15 23
5 6 34
5 7 8
5 8 23
5 9 2
5 10 23
5 11 12
5 12 3
5 13 7
5 14 5
5 15 23
6 7 8
6 8 23
6 9 2
6 10 23
6 11 12
6 12 3
6 13 7
6 14 5
6 15 23
7 8 23
7 9 2
7 10 23
7 11 12
7 12 3
7 13 7
7 14 5
7 15 23
8 9 2
8 10 23
8 11 12
8 12 3
8 13 7
8 14 5
8 15 23
9 10 23
10 11 12
10 12 3
10 13 7
10 14 5
10 15 23
11 12 3
11 13 7
11 14 5
11 15 23
12 13 7
12 14 5
12 15 23
13 14 5
13 15 23
14 15 2